2007 760
1960 2480
2003 3950
2006 2272
1989 6930
1950 1468
1769 46
2005 3938
2004 3696
1964 2710
1986 2986
1961 1710
1996 1456
1990 7674
1857 108
1987 2900
1752 36
1985 3386
1954 850
2001 3324
1988 3548
1984 3648
1891 182
1962 2206
1953 740
2002 3674
1951 1704
1966 3232
2000 3108
1928 488
1972 4042
1981 2828
1977 3784
1983 3150
1982 3068
1980 2938
1975 4156
1974 3990
1949 874
1976 3770
1965 2690
1971 2984
1967 2514
1969 3284
1979 2726
1968 3222
1973 3868
1978 3200
1946 614
1963 2324
1940 436
1970 3122
1999 2206
1956 880
1921 348
1702 32
1708 26
1750 54
1747 26
1913 328
1771 40
1898 196
1936 546
1719 28
1797 60
1794 46
1775 58
1720 40
1723 26
1713 20
1716 26
1727 24
1958 1022
1791 58
1787 62
1722 40
1724 44
1793 50
1729 28
1701 22
1955 828
1628 16
1739 26
1959 1242
1823 58
1783 48
1773 40
1766 30
1780 50
1756 36
1731 24
1788 90
1790 76
1707 28
1916 244
1767 58
1785 100
1796 58
1799 58
1786 88
1712 14
1926 452
1789 66
1734 26
1774 54
1991 4160
1800 172
1768 50
1725 18
1878 146
1742 26
1903 240
1939 530
1948 874
1934 542
1937 574
1929 558
1930 618
1904 254
1888 170
1907 284
1892 228
1873 100
1905 280
1887 190
1897 240
1920 386
1931 538
1895 228
1933 458
1910 392
1957 1006
1935 518
1944 436
1947 730
1900 574
1932 484
1943 402
1889 150
1938 572
1924 482
1838 64
1908 302
1923 440
1945 526
1995 1940
1994 2252
1997 1406
1993 2664
1992 2684
1869 96
1886 138
1852 76
1896 226
1636 8
1758 28
1914 316
1915 196
1952 1424
1864 106
1927 488
1919 280
1998 1750
1881 152
1894 178
1792 82
1880 188
1861 92
1875 114
1837 94
1911 304
1925 506
1917 202
1893 194
1634 8
1808 60
1885 172
1879 100
1816 44
1870 162
1877 132
1912 362
1941 382
1901 206
1942 470
1922 390
1814 40
1826 54
1610 10
1813 42
1890 240
1918 214
1822 48
1844 80
1876 114
1906 246
1902 236
1860 118
1811 30
1806 34
1801 40
1815 58
1802 48
1803 54
1804 36
1818 68
1850 100
1856 82
1872 94
1899 228
1738 26
1859 110
1883 158
1782 60
1770 34
1741 34
1779 36
1798 60
1777 88
1726 38
1711 16
1710 34
1709 38
1778 72
1760 50
1704 28
1812 34
1781 58
1714 24
1717 26
1715 34
1705 14
1866 112
1862 96
1874 138
1703 22
1853 80
1728 36
1909 284
1884 186
1784 64
1679 18
1762 42
1845 68
1807 38
1849 66
1847 64
1868 118
1851 80
1839 62
1843 56
1855 90
1510 2
1810 50
1824 72
1772 30
1882 144
1809 32
1751 32
1858 80
1817 48
1828 70
1840 78
1841 72
1829 66
1830 88
1825 74
1848 60
1571 4
1763 40
1805 34
1854 84
1867 118
1871 76
1545 8
1842 70
1832 62
1863 98
1819 62
1846 66
1821 66
1833 46
1831 52
1835 44
1680 22
1611 6
2008 936
2009 124
1764 38
1765 40
1652 18
1757 18
1836 54
1653 12
1582 6
1744 28
1834 58
1745 26
1827 64
1743 28
1795 58
1755 24
1820 72
1865 88
1736 18
1553 10
1556 6
1516 4
1551 4
1486 2
1662 16
1671 8
1659 6
1632 2
1649 16
1690 22
1776 76
1657 14
1655 20
1688 14
1579 6
1585 4
1578 10
1605 4
1664 10
1483 2
1601 2
1693 12
1645 4
1620 10
1625 24
1613 16
1552 6
2010 8
1733 22
1529 4
1735 42
1706 10
1691 22
1647 22
1754 34
1697 14
1699 10
1618 10
1559 8
1561 4
1660 10
1759 44
1677 14
1658 12
1689 10
1627 8
1617 18
1746 22
1749 40
1639 4
1674 16
1667 8
1673 10
1748 24
1598 4
1622 8
1631 6
1569 10
1675 12
1761 24
1672 8
1381 2
1382 2
1637 14
1635 10
1668 10
1521 2
1676 12
1681 22
1576 6
1696 12
1670 20
1651 8
1623 10
1656 14
1740 30
1591 6
1592 6
1642 42
1643 26
1596 8
1648 14
1543 8
1732 26
1565 4
1575 10
1718 34
1549 6
1574 6
1528 2
1737 24
1597 10
1501 2
1584 4
1531 4
1630 12
1721 32
1524 2
1607 4
1640 12
1753 24
1700 18
1644 2
1698 4
1577 2
1730 20
1638 14
1478 2
1490 2
1602 10
1603 4
1621 12
1606 2
1536 2
1695 20
1661 8
1665 12
1492 2
1614 6
1616 6
1586 8
1669 10
1604 10
1555 2
1683 10
1540 4
1685 2
1609 12
1666 12
1558 6
1573 2
1612 4
1503 2
1557 4
1539 4
1684 20
1646 10
1599 6
1570 8
1608 2
1572 4
1694 8
1593 4
1512 2
1538 2
1535 2
1663 12
1641 18
1500 6
1230 2
1200 4
1250 4
1650 16
1678 12
1400 6
1000 2
1246 2
1300 6
1318 2
1522 2
1547 6
1624 6
1413 2
1594 10
1682 10
1600 16
1633 4
1513 2
1548 4
1629 6
1473 2
1619 4
1554 2
1484 2
1518 2
1692 6
1595 6
1686 14
1563 2
1476 2
1481 2
1509 2
1493 2
1626 4
1615 4
1519 2
1562 2
1506 2
1480 2
1654 6
1567 2
1580 4
1517 2
1489 2
1544 2
1533 4
1560 2
1566 2
1687 2
